[0m
              [38;2;160;49;213m▒[38;2;151;50;227m▓[38;2;152;50;226m▓[38;2;161;48;211m▒[0m
            [38;2;164;48;206m▒[38;2;156;50;220m▓[38;2;153;50;224m█[38;2;153;50;225m█[38;2;153;50;225m█[38;2;153;50;224m█[38;2;156;49;219m▓[38;2;165;48;205m▒[0m
          [38;2;168;47;201m▒[38;2;160;49;213m▓[38;2;157;49;218m█[38;2;157;49;219m█[38;2;157;49;218m█[38;2;157;49;218m█[38;2;157;49;218m█[38;2;157;49;218m█[38;2;157;49;219m█[38;2;157;49;217m█[38;2;160;49;213m▓[38;2;168;47;200m▒[0m
        [38;2;171;47;196m▒[38;2;164;48;207m▓[38;2;161;49;211m█[38;2;161;49;212m█[38;2;161;49;212m█[38;2;161;49;212m█[38;2;161;49;212m█[38;2;161;49;211m█[38;2;161;49;211m█[38;2;161;49;212m█[38;2;161;49;212m█[38;2;161;49;212m█[38;2;161;49;212m█[38;2;161;49;211m█[38;2;164;48;207m▓[38;2;172;47;195m▒[0m
     [38;2;196;42;153m░[38;2;174;47;190m▒[38;2;168;48;201m▓[38;2;165;48;205m█[38;2;165;48;206m█[38;2;165;48;206m█[38;2;165;48;206m█[38;2;165;48;206m█[38;2;165;48;205m█[38;2;167;47;201m▓[38;2;179;45;182m▒[38;2;177;46;185m▒[38;2;167;48;202m▓[38;2;165;48;205m█[38;2;165;48;206m█[38;2;165;48;206m█[38;2;165;48;206m█[38;2;165;48;206m█[38;2;165;48;205m█[38;2;168;48;201m▓[38;2;175;46;189m▒[0m
   [38;2;197;42;152m░[38;2;177;46;185m▒[38;2;171;47;195m▓[38;2;169;47;199m█[38;2;169;47;199m█[38;2;169;47;199m█[38;2;169;47;199m█[38;2;169;47;199m█[38;2;169;47;199m█[38;2;171;47;195m▓[38;2;180;46;181m▒    [38;2;178;46;184m▒[38;2;171;47;196m▓[38;2;169;47;199m█[38;2;169;47;199m█[38;2;169;47;199m█[38;2;169;47;199m█[38;2;169;47;199m█[38;2;169;47;198m█[38;2;172;47;195m▓[38;2;178;46;184m▒[0m
  [38;2;182;45;178m▒[38;2;175;46;189m▓[38;2;173;47;192m█[38;2;173;47;193m█[38;2;173;47;193m█[38;2;173;47;193m█[38;2;173;47;193m█[38;2;173;47;192m█[38;2;176;46;188m▓[38;2;186;44;172m▒        [38;2;184;45;174m▒[38;2;175;46;189m▓[38;2;173;47;193m█[38;2;173;47;193m█[38;2;173;47;193m█[38;2;173;47;193m█[38;2;173;47;193m█[38;2;173;47;192m█[38;2;175;46;189m▓[38;2;182;45;177m▒[0m
  [38;2;184;44;174m▒[38;2;178;46;184m▓[38;2;177;46;186m█[38;2;177;46;186m█[38;2;177;46;186m█[38;2;177;46;186m█[38;2;177;46;186m█[38;2;177;46;186m█[38;2;180;46;181m▓[38;2;187;44;169m▒       [38;2;202;41;144m░[38;2;186;45;171m▒[38;2;180;46;182m▓[38;2;177;46;186m█[38;2;177;46;186m█[38;2;177;46;186m█[38;2;177;46;186m█[38;2;177;46;186m█[38;2;177;46;186m█[38;2;178;46;184m▓[38;2;185;44;173m░[0m
    [38;2;188;44;168m▒[38;2;182;45;177m▓[38;2;181;45;180m█[38;2;181;45;180m█[38;2;181;45;180m█[38;2;181;45;180m█[38;2;181;45;180m█[38;2;181;45;179m█[38;2;183;45;176m▓[38;2;189;44;167m▒   [38;2;202;41;143m░[38;2;188;44;168m▒[38;2;183;45;177m▓[38;2;181;45;179m█[38;2;181;45;180m█[38;2;181;45;180m█[38;2;181;45;180m█[38;2;181;45;180m█[38;2;181;45;180m█[38;2;182;45;177m▓[38;2;189;44;167m▒[0m
      [38;2;191;43;163m▒[38;2;186;45;172m▓[38;2;185;45;173m█[38;2;185;45;173m█[38;2;185;45;173m█[38;2;185;45;174m█[38;2;185;45;174m█[38;2;185;45;173m█[38;2;187;44;170m▓[38;2;193;43;160m▒[38;2;192;43;161m▒[38;2;187;44;170m▓[38;2;185;45;173m█[38;2;185;45;174m█[38;2;185;45;174m█[38;2;185;45;173m█[38;2;185;45;173m█[38;2;185;45;173m█[38;2;186;45;172m▓[38;2;192;43;162m▒[0m
        [38;2;194;43;158m▒[38;2;190;44;166m▓[38;2;189;44;167m█[38;2;189;44;167m█[38;2;189;44;167m█[38;2;189;44;167m█[38;2;189;44;167m█[38;2;189;44;167m█[38;2;189;44;167m█[38;2;189;44;167m█[38;2;189;44;167m█[38;2;189;44;167m█[38;2;189;44;167m█[38;2;189;44;167m█[38;2;190;44;165m▓[38;2;195;43;157m▒[0m
          [38;2;199;42;150m▒[38;2;194;43;159m▓[38;2;193;43;161m█[38;2;193;43;161m█[38;2;193;43;161m█[38;2;193;43;161m█[38;2;193;43;161m█[38;2;193;43;161m█[38;2;193;43;161m█[38;2;193;43;160m█[38;2;194;43;159m▓[38;2;199;42;150m░[0m
          [38;2;202;42;146m▒[38;2;198;43;152m█[38;2;197;43;154m█[38;2;197;43;154m█[38;2;197;43;154m█[38;2;197;43;154m█[38;2;197;43;154m█[38;2;197;43;154m█[38;2;198;42;152m▓[38;2;203;41;143m▒[38;2;202;42;146m▒[38;2;202;42;147m▒[0m
        [38;2;207;41;137m░[38;2;203;42;145m▓[38;2;201;42;147m█[38;2;201;42;148m█[38;2;201;42;148m█[38;2;201;42;148m█[38;2;201;42;148m█[38;2;201;42;148m█[38;2;201;42;147m▓[38;2;206;41;139m▒[38;2;206;41;139m▒[38;2;202;42;145m▓[38;2;201;42;148m█[38;2;201;42;147m█[38;2;203;42;145m▓[38;2;208;41;136m░[0m
      [38;2;213;40;127m░[38;2;208;41;137m▒[38;2;206;41;140m█[38;2;205;41;141m█[38;2;205;41;141m█[38;2;205;41;142m█[38;2;205;41;142m█[38;2;205;41;142m▓[38;2;205;41;140m▒[38;2;208;41;136m░ [38;2;209;41;134m░[38;2;205;41;142m▓[38;2;205;41;142m█[38;2;205;41;142m█[38;2;205;41;141m█[38;2;205;41;141m█[38;2;206;41;140m█[38;2;208;41;137m▒[0m
     [38;2;212;40;129m▒[38;2;210;41;133m▓[38;2;209;41;135m█[38;2;209;41;135m█[38;2;209;41;136m▓[38;2;208;41;136m▓[38;2;209;40;135m▒[38;2;211;40;130m░      [38;2;211;40;130m░[38;2;209;41;135m▒[38;2;208;41;136m▓[38;2;209;41;136m▓[38;2;209;41;135m█[38;2;209;41;135m█[38;2;210;40;133m▓[38;2;212;40;129m▒[0m
   [38;2;216;39;122m░[38;2;214;40;126m▓[38;2;213;40;128m▓[38;2;212;40;130m▓[38;2;212;40;130m▒[38;2;212;40;129m▒              [38;2;212;40;129m▒[38;2;212;40;130m▒[38;2;212;40;130m▓[38;2;213;40;128m▓[38;2;215;40;126m▒[38;2;216;39;122m░[0m
  [38;2;218;39;120m░[38;2;217;39;123m▒[38;2;215;40;124m▒[38;2;215;40;124m░                    [38;2;215;40;124m░[38;2;215;40;124m▒[38;2;217;39;123m▒[38;2;217;39;120m░[0m
[0m
